The autoreload extension is already loaded. To reload it, use:
  %reload_ext autoreload
Bond dimension sensitivity to a  (n_per_coord = 6, 18 qubits, 64³ grid)

 Orbital       a   max χ   χ(x|y)  full bond profile
───────────────────────────────────────────────────────────────────────────
      1S     0.1       5        3  [2, 2, 2, 2, 3, 3, 5, 5, 5, 5, 5, 3, 5, 5, 5, 4, 2]
      1S     0.2      13        5  [2, 2, 2, 4, 6, 5, 10, 10, 10, 13, 9, 5, 9, 9, 8, 4, 2]
      1S     0.3      19        7  [2, 2, 3, 5, 8, 7, 14, 14, 15, 19, 13, 7, 13, 13, 8, 4, 2]
      1S     0.4      25        8  [2, 2, 4, 6, 10, 8, 16, 16, 20, 25, 16, 8, 15, 15, 8, 4, 2]
      1S     0.5      30        9  [2, 2, 4, 8, 12, 9, 18, 18, 25, 30, 18, 9, 18, 16, 8, 4, 2]
      1S     0.6      34       10  [2, 4, 5, 8, 14, 10, 20, 22, 29, 34, 20, 10, 20, 16, 8, 4, 2]
      1S     0.7      37       11  [2, 4, 6, 10, 15, 11, 22, 25, 34, 37, 22, 11, 21, 16, 8, 4, 2]
      1S     0.8      40       12  [2, 4, 6, 10, 16, 12, 24, 29, 38, 40, 24, 12, 23, 16, 8, 4, 2]
      1S     0.9      42       13  [2, 4, 7, 12, 18, 13, 25, 31, 41, 42, 25, 13, 24, 16, 8, 4, 2]
      1S     1.0      45       13  [2, 4, 8, 12, 19, 13, 26, 33, 45, 44, 26, 13, 25, 16, 8, 4, 2]
      1S     1.1      49       14  [2, 4, 8, 13, 20, 14, 28, 36, 49, 47, 27, 14, 25, 16, 8, 4, 2]
      1S     1.2      52       14  [2, 4, 8, 14, 21, 14, 28, 37, 52, 48, 28, 14, 26, 16, 8, 4, 2]
      1S     1.3      54       15  [2, 4, 8, 14, 21, 15, 29, 39, 54, 49, 29, 15, 26, 16, 8, 4, 2]
      1S     1.4      57       15  [2, 4, 8, 15, 22, 15, 30, 41, 57, 52, 29, 15, 26, 16, 8, 4, 2]
      1S     1.5      59       15  [2, 4, 8, 16, 23, 15, 30, 42, 59, 52, 30, 16, 27, 16, 8, 4, 2]
      1S     1.6      61       16  [2, 4, 8, 16, 24, 16, 31, 43, 61, 53, 31, 16, 27, 16, 8, 4, 2]
      1S     1.7      63       16  [2, 4, 8, 16, 24, 16, 32, 45, 63, 55, 31, 16, 27, 16, 8, 4, 2]
      1S     1.8      64       16  [2, 4, 8, 16, 25, 16, 32, 45, 64, 56, 32, 17, 27, 16, 8, 4, 2]
      1S     1.9      65       17  [2, 4, 8, 16, 25, 17, 32, 46, 65, 57, 32, 17, 27, 16, 8, 4, 2]
      1S     2.0      67       17  [2, 4, 8, 16, 26, 17, 33, 47, 67, 57, 33, 17, 27, 16, 8, 4, 2]
      1S     2.1      69       17  [2, 4, 8, 16, 26, 17, 34, 48, 69, 58, 33, 17, 27, 16, 8, 4, 2]
      1S     2.2      69       17  [2, 4, 8, 16, 26, 17, 34, 49, 69, 59, 33, 17, 27, 16, 8, 4, 2]
      1S     2.3      70       17  [2, 4, 8, 16, 26, 17, 34, 49, 70, 60, 34, 18, 27, 16, 8, 4, 2]
      1S     2.4      72       17  [2, 4, 8, 16, 27, 17, 34, 49, 72, 60, 34, 18, 27, 16, 8, 4, 2]
      1S     2.5      72       18  [2, 4, 8, 16, 27, 18, 34, 50, 72, 60, 34, 18, 27, 16, 8, 4, 2]
      1S     2.6      72       18  [2, 4, 8, 16, 27, 18, 34, 50, 72, 61, 34, 18, 27, 16, 8, 4, 2]
      1S     2.7      73       18  [2, 4, 8, 16, 27, 18, 35, 50, 73, 61, 35, 18, 27, 16, 8, 4, 2]
      1S     2.8      74       18  [2, 4, 8, 16, 27, 18, 35, 51, 74, 61, 35, 18, 27, 16, 8, 4, 2]
      1S     2.9      74       18  [2, 4, 8, 16, 28, 18, 35, 51, 74, 61, 35, 18, 27, 16, 8, 4, 2]
      1S     3.0      74       18  [2, 4, 8, 16, 28, 18, 36, 51, 74, 61, 35, 18, 27, 16, 8, 4, 2]
      1S     3.1      75       18  [2, 4, 8, 16, 28, 18, 36, 51, 75, 61, 35, 18, 27, 16, 8, 4, 2]
      1S     3.2      76       18  [2, 4, 8, 16, 28, 18, 36, 52, 76, 62, 35, 18, 27, 16, 8, 4, 2]
      1S     3.3      76       18  [2, 4, 8, 16, 28, 18, 36, 52, 76, 62, 35, 18, 27, 16, 8, 4, 2]
      1S     3.4      76       18  [2, 4, 8, 16, 28, 18, 36, 53, 76, 62, 35, 18, 27, 16, 8, 4, 2]
      1S     3.5      76       18  [2, 4, 8, 16, 28, 18, 36, 53, 76, 62, 35, 18, 27, 16, 8, 4, 2]
      1S     3.6      76       18  [2, 4, 8, 16, 28, 18, 36, 53, 76, 62, 35, 18, 27, 16, 8, 4, 2]
      1S     3.7      77       18  [2, 4, 8, 16, 28, 18, 36, 53, 77, 63, 35, 18, 27, 16, 8, 4, 2]
      1S     3.8      77       18  [2, 4, 8, 16, 28, 18, 36, 53, 77, 63, 36, 18, 27, 16, 8, 4, 2]
      1S     3.9      77       18  [2, 4, 8, 16, 28, 18, 36, 53, 77, 63, 36, 18, 27, 16, 8, 4, 2]
      1S     4.0      77       18  [2, 4, 8, 16, 28, 18, 36, 53, 77, 63, 36, 19, 27, 16, 8, 4, 2]
      1S     4.1      77       18  [2, 4, 8, 16, 28, 18, 36, 53, 77, 63, 36, 19, 27, 16, 8, 4, 2]
      1S     4.2      77       18  [2, 4, 8, 16, 28, 18, 36, 53, 77, 63, 36, 19, 27, 16, 8, 4, 2]
      1S     4.3      77       18  [2, 4, 8, 16, 28, 18, 36, 53, 77, 63, 36, 19, 27, 16, 8, 4, 2]
      1S     4.4      77       18  [2, 4, 8, 16, 28, 18, 36, 53, 77, 63, 36, 19, 27, 16, 8, 4, 2]
      1S     4.5      77       18  [2, 4, 8, 16, 29, 18, 36, 53, 77, 63, 36, 19, 27, 16, 8, 4, 2]
      1S     4.6      77       18  [2, 4, 8, 16, 29, 18, 36, 53, 77, 63, 36, 19, 27, 16, 8, 4, 2]
      1S     4.7      77       18  [2, 4, 8, 16, 29, 18, 36, 53, 77, 63, 36, 19, 27, 16, 8, 4, 2]
      1S     4.8      77       18  [2, 4, 8, 16, 29, 18, 36, 53, 77, 63, 36, 19, 27, 16, 8, 4, 2]
      1S     4.9      77       18  [2, 4, 8, 16, 29, 18, 36, 53, 77, 63, 36, 19, 27, 16, 8, 4, 2]
      1S     5.0      77       18  [2, 4, 8, 16, 29, 18, 36, 53, 77, 63, 36, 19, 27, 16, 8, 4, 2]
      1S     5.1      77       18  [2, 4, 8, 16, 29, 18, 36, 53, 77, 63, 36, 19, 27, 16, 8, 4, 2]
      1S     5.2      77       18  [2, 4, 8, 16, 29, 18, 36, 53, 77, 63, 36, 19, 27, 16, 8, 4, 2]
      1S     5.3      77       18  [2, 4, 8, 16, 29, 18, 36, 53, 77, 63, 36, 19, 27, 16, 8, 4, 2]
      1S     5.4      77       18  [2, 4, 8, 16, 29, 18, 36, 53, 77, 63, 36, 19, 27, 16, 8, 4, 2]
      1S     5.5      77       18  [2, 4, 8, 16, 29, 18, 36, 53, 77, 63, 36, 19, 27, 16, 8, 4, 2]
      1S     5.6      77       18  [2, 4, 8, 16, 29, 18, 36, 53, 77, 63, 36, 19, 27, 16, 8, 4, 2]
      1S     5.7      77       18  [2, 4, 8, 16, 29, 18, 36, 53, 77, 63, 36, 19, 27, 16, 8, 4, 2]
      1S     5.8      77       18  [2, 4, 8, 16, 29, 18, 36, 53, 77, 63, 36, 19, 27, 16, 8, 4, 2]
      1S     5.9      77       18  [2, 4, 8, 16, 29, 18, 36, 53, 77, 63, 36, 19, 27, 16, 8, 4, 2]
      1S     6.0      77       18  [2, 4, 8, 16, 29, 18, 36, 53, 77, 63, 36, 19, 26, 16, 8, 4, 2]

      2S     0.1      14        5  [2, 2, 2, 4, 6, 5, 10, 10, 10, 14, 10, 5, 10, 10, 8, 4, 2]
      2S     0.2      28        9  [2, 2, 4, 6, 11, 9, 18, 18, 23, 28, 17, 9, 17, 16, 8, 4, 2]
      2S     0.3      37       11  [2, 4, 6, 9, 15, 11, 22, 25, 34, 37, 22, 11, 21, 16, 8, 4, 2]
      2S     0.4      44       13  [2, 4, 7, 12, 17, 13, 26, 32, 44, 43, 25, 13, 25, 16, 8, 4, 2]
      2S     0.5      51       14  [2, 4, 8, 14, 20, 14, 28, 37, 51, 48, 27, 14, 26, 16, 8, 4, 2]
      2S     0.6      58       15  [2, 4, 8, 15, 22, 15, 30, 41, 58, 51, 29, 15, 27, 16, 8, 4, 2]
      2S     0.7      62       16  [2, 4, 8, 16, 24, 16, 31, 43, 62, 54, 30, 16, 27, 16, 8, 4, 2]
      2S     0.8      65       16  [2, 4, 8, 16, 25, 16, 32, 46, 65, 56, 32, 16, 27, 16, 8, 4, 2]
      2S     0.9      71       17  [2, 4, 8, 16, 26, 17, 34, 49, 71, 58, 34, 17, 27, 16, 8, 4, 2]
      2S     1.0      71       17  [2, 4, 8, 16, 27, 17, 34, 49, 71, 60, 34, 18, 27, 16, 8, 4, 2]
      2S     1.1      74       18  [2, 4, 8, 16, 27, 18, 36, 51, 74, 61, 35, 18, 28, 16, 8, 4, 2]
      2S     1.2      72       18  [2, 4, 8, 16, 27, 18, 35, 51, 72, 62, 35, 18, 27, 16, 8, 4, 2]
      2S     1.3      76       18  [2, 4, 8, 16, 28, 18, 36, 53, 76, 62, 35, 18, 27, 16, 8, 4, 2]
      2S     1.4      77       18  [2, 4, 8, 16, 28, 18, 36, 52, 77, 63, 36, 18, 27, 16, 8, 4, 2]
      2S     1.5      76       19  [2, 4, 8, 16, 28, 19, 37, 52, 76, 63, 35, 19, 27, 16, 8, 4, 2]
      2S     1.6      78       19  [2, 4, 8, 16, 28, 19, 37, 54, 78, 64, 37, 19, 27, 16, 8, 4, 2]
      2S     1.7      78       18  [2, 4, 8, 16, 29, 18, 36, 53, 78, 64, 36, 18, 27, 16, 8, 4, 2]
      2S     1.8      77       18  [2, 4, 8, 16, 28, 18, 36, 53, 77, 63, 36, 19, 27, 16, 8, 4, 2]
      2S     1.9      79       19  [2, 4, 8, 16, 29, 19, 38, 54, 79, 65, 36, 19, 27, 16, 8, 4, 2]
      2S     2.0      79       19  [2, 4, 8, 16, 29, 19, 37, 54, 79, 65, 37, 19, 27, 16, 8, 4, 2]
      2S     2.1      79       19  [2, 4, 8, 16, 29, 19, 37, 53, 79, 65, 37, 19, 27, 16, 8, 4, 2]
      2S     2.2      79       18  [2, 4, 8, 16, 29, 18, 36, 54, 79, 64, 36, 19, 27, 16, 8, 4, 2]
      2S     2.3      78       19  [2, 4, 8, 16, 30, 19, 37, 53, 78, 64, 36, 19, 27, 16, 8, 4, 2]
      2S     2.4      79       19  [2, 4, 8, 16, 29, 19, 38, 55, 79, 65, 37, 19, 27, 16, 8, 4, 2]
      2S     2.5      79       19  [2, 4, 8, 16, 29, 19, 37, 54, 79, 65, 37, 19, 27, 16, 8, 4, 2]
      2S     2.6      79       19  [2, 4, 8, 16, 30, 19, 37, 53, 79, 65, 37, 19, 27, 16, 8, 4, 2]
      2S     2.7      78       18  [2, 4, 8, 16, 29, 18, 36, 53, 78, 64, 37, 19, 27, 16, 8, 4, 2]
      2S     2.8      80       18  [2, 4, 8, 16, 29, 18, 36, 54, 80, 64, 36, 19, 27, 16, 8, 4, 2]
      2S     2.9      79       19  [2, 4, 8, 16, 30, 19, 37, 53, 79, 64, 36, 19, 27, 16, 8, 4, 2]
      2S     3.0      79       19  [2, 4, 8, 16, 29, 19, 37, 54, 79, 64, 37, 19, 27, 16, 8, 4, 2]
      2S     3.1      80       19  [2, 4, 8, 16, 29, 19, 38, 55, 80, 65, 37, 19, 27, 16, 8, 4, 2]
      2S     3.2      80       19  [2, 4, 8, 16, 29, 19, 37, 54, 80, 65, 37, 19, 27, 16, 8, 4, 2]
      2S     3.3      79       19  [2, 4, 8, 16, 30, 19, 37, 53, 79, 65, 37, 19, 27, 16, 8, 4, 2]
      2S     3.4      79       19  [2, 4, 8, 16, 30, 19, 37, 53, 79, 65, 37, 19, 27, 16, 8, 4, 2]
      2S     3.5      78       18  [2, 4, 8, 16, 29, 18, 36, 54, 78, 64, 37, 19, 27, 16, 8, 4, 2]
      2S     3.6      78       18  [2, 4, 8, 16, 29, 18, 36, 54, 78, 64, 36, 19, 27, 16, 8, 4, 2]
      2S     3.7      78       18  [2, 4, 8, 16, 29, 18, 36, 54, 78, 64, 36, 19, 27, 16, 8, 4, 2]
      2S     3.8      78       19  [2, 4, 8, 16, 30, 19, 36, 53, 78, 64, 36, 19, 27, 16, 8, 4, 2]
      2S     3.9      78       19  [2, 4, 8, 16, 30, 19, 37, 54, 78, 64, 37, 19, 27, 16, 8, 4, 2]
      2S     4.0      79       19  [2, 4, 8, 16, 29, 19, 37, 54, 79, 64, 37, 19, 27, 16, 8, 4, 2]
      2S     4.1      79       19  [2, 4, 8, 16, 29, 19, 37, 54, 79, 64, 37, 19, 26, 16, 8, 4, 2]
      2S     4.2      79       19  [2, 4, 8, 16, 29, 19, 38, 54, 79, 65, 36, 19, 26, 16, 8, 4, 2]
      2S     4.3      79       19  [2, 4, 8, 16, 29, 19, 37, 54, 79, 64, 36, 19, 26, 16, 8, 4, 2]
      2S     4.4      79       19  [2, 4, 8, 16, 29, 19, 37, 53, 79, 64, 37, 19, 26, 16, 8, 4, 2]
      2S     4.5      78       19  [2, 4, 8, 16, 30, 19, 37, 53, 78, 64, 37, 19, 26, 16, 8, 4, 2]
      2S     4.6      78       19  [2, 4, 8, 16, 30, 19, 37, 53, 78, 64, 37, 19, 26, 16, 8, 4, 2]
      2S     4.7      78       19  [2, 4, 8, 16, 29, 19, 37, 53, 78, 63, 37, 19, 26, 16, 8, 4, 2]
      2S     4.8      78       18  [2, 4, 8, 16, 29, 18, 36, 53, 78, 63, 36, 18, 26, 16, 8, 4, 2]
      2S     4.9      78       18  [2, 4, 8, 16, 29, 18, 36, 54, 78, 63, 36, 18, 26, 16, 8, 4, 2]
      2S     5.0      78       18  [2, 4, 8, 16, 29, 18, 36, 54, 78, 63, 36, 19, 26, 16, 8, 4, 2]
      2S     5.1      78       18  [2, 4, 8, 16, 29, 18, 36, 53, 78, 64, 36, 19, 26, 16, 8, 4, 2]
      2S     5.2      77       18  [2, 4, 8, 16, 29, 18, 36, 53, 77, 64, 36, 19, 26, 16, 8, 4, 2]
      2S     5.3      77       18  [2, 4, 8, 16, 30, 18, 36, 53, 77, 64, 36, 19, 26, 16, 8, 4, 2]
      2S     5.4      77       18  [2, 4, 8, 16, 30, 18, 36, 53, 77, 64, 36, 19, 26, 16, 8, 4, 2]
      2S     5.5      77       19  [2, 4, 8, 16, 30, 19, 36, 53, 77, 64, 36, 19, 26, 16, 8, 4, 2]
      2S     5.6      77       19  [2, 4, 8, 16, 30, 19, 36, 53, 77, 64, 36, 19, 26, 16, 8, 4, 2]
      2S     5.7      77       19  [2, 4, 8, 16, 29, 19, 36, 53, 77, 64, 36, 19, 26, 16, 8, 4, 2]
      2S     5.8      77       19  [2, 4, 8, 16, 29, 19, 37, 53, 77, 64, 36, 19, 26, 16, 8, 4, 2]
      2S     5.9      78       19  [2, 4, 8, 16, 29, 19, 37, 53, 78, 64, 36, 19, 26, 16, 8, 4, 2]
      2S     6.0      78       19  [2, 4, 8, 16, 29, 19, 36, 53, 78, 63, 36, 19, 26, 16, 8, 4, 2]
	  
	  
	  
The autoreload extension is already loaded. To reload it, use:
  %reload_ext autoreload
Bond dimension sensitivity to a  (n_per_coord = 6, 18 qubits, 64³ grid)

 Orbital       a   max χ   χ(x|y)  full bond profile
───────────────────────────────────────────────────────────────────────────
      1S     0.1       5        3  [2, 2, 2, 2, 3, 3, 5, 5, 5, 5, 5, 3, 5, 5, 5, 4, 2]
      1S     0.4      27        9  [2, 2, 4, 6, 11, 9, 17, 17, 22, 27, 17, 9, 17, 16, 8, 4, 2]
      1S     0.8      40       12  [2, 4, 6, 10, 16, 12, 24, 28, 38, 40, 23, 12, 23, 16, 8, 4, 2]
      1S     1.1      49       14  [2, 4, 8, 13, 20, 14, 28, 36, 49, 47, 27, 14, 25, 16, 8, 4, 2]
      1S     1.5      58       15  [2, 4, 8, 16, 23, 15, 30, 41, 58, 52, 30, 16, 27, 16, 8, 4, 2]
      1S     1.8      64       16  [2, 4, 8, 16, 25, 16, 32, 45, 64, 56, 32, 17, 27, 16, 8, 4, 2]
      1S     2.1      69       17  [2, 4, 8, 16, 26, 17, 34, 49, 69, 58, 33, 17, 27, 16, 8, 4, 2]
      1S     2.5      72       18  [2, 4, 8, 16, 27, 18, 34, 50, 72, 60, 34, 18, 27, 16, 8, 4, 2]
      1S     2.8      74       18  [2, 4, 8, 16, 28, 18, 35, 51, 74, 61, 35, 18, 27, 16, 8, 4, 2]
      1S     3.2      76       18  [2, 4, 8, 16, 28, 18, 36, 51, 76, 62, 35, 18, 27, 16, 8, 4, 2]
      1S     3.5      76       18  [2, 4, 8, 16, 28, 18, 36, 53, 76, 62, 35, 18, 27, 16, 8, 4, 2]
      1S     3.9      77       18  [2, 4, 8, 16, 28, 18, 36, 53, 77, 63, 36, 18, 27, 16, 8, 4, 2]
      1S     4.2      77       18  [2, 4, 8, 16, 28, 18, 36, 53, 77, 63, 36, 19, 27, 16, 8, 4, 2]
      1S     4.5      77       18  [2, 4, 8, 16, 29, 18, 36, 53, 77, 63, 36, 19, 27, 16, 8, 4, 2]
      1S     4.9      77       18  [2, 4, 8, 16, 29, 18, 36, 53, 77, 63, 36, 19, 27, 16, 8, 4, 2]
      1S     5.2      77       18  [2, 4, 8, 16, 29, 18, 36, 53, 77, 63, 36, 19, 27, 16, 8, 4, 2]
      1S     5.6      77       18  [2, 4, 8, 16, 29, 18, 36, 53, 77, 63, 36, 19, 27, 16, 8, 4, 2]
      1S     5.9      77       18  [2, 4, 8, 16, 29, 18, 36, 53, 77, 63, 36, 19, 27, 16, 8, 4, 2]
      1S     6.2      77       18  [2, 4, 8, 16, 29, 18, 36, 53, 77, 63, 36, 19, 26, 16, 8, 4, 2]
      1S     6.6      77       18  [2, 4, 8, 16, 29, 18, 36, 53, 77, 63, 36, 19, 26, 16, 8, 4, 2]
      1S     6.9      77       18  [2, 4, 8, 16, 29, 18, 36, 53, 77, 63, 36, 19, 26, 16, 8, 4, 2]
      1S     7.3      77       18  [2, 4, 8, 16, 29, 18, 36, 53, 77, 63, 36, 19, 26, 16, 8, 4, 2]
      1S     7.6      77       18  [2, 4, 8, 16, 29, 18, 36, 53, 77, 63, 36, 19, 26, 16, 8, 4, 2]
      1S     8.0      77       18  [2, 4, 8, 16, 29, 18, 36, 53, 77, 62, 36, 19, 26, 16, 8, 4, 2]
      1S     8.3      77       18  [2, 4, 8, 16, 29, 18, 36, 53, 77, 62, 36, 19, 26, 16, 8, 4, 2]
      1S     8.6      77       18  [2, 4, 8, 16, 29, 18, 36, 53, 77, 62, 36, 19, 26, 16, 8, 4, 2]
      1S     9.0      77       18  [2, 4, 8, 16, 29, 18, 36, 53, 77, 62, 36, 19, 26, 16, 8, 4, 2]
      1S     9.3      76       18  [2, 4, 8, 16, 29, 18, 36, 53, 76, 62, 35, 18, 26, 16, 8, 4, 2]
      1S     9.7      76       18  [2, 4, 8, 16, 29, 18, 36, 53, 76, 62, 35, 18, 26, 16, 8, 4, 2]
      1S    10.0      76       18  [2, 4, 8, 16, 29, 18, 36, 53, 76, 62, 35, 18, 26, 16, 8, 4, 2]

      2S     0.1      14        5  [2, 2, 2, 4, 6, 5, 10, 10, 10, 14, 10, 5, 10, 10, 8, 4, 2]
      2S     0.4      46       13  [2, 4, 8, 12, 19, 13, 26, 33, 46, 45, 26, 13, 25, 16, 8, 4, 2]
      2S     0.8      65       16  [2, 4, 8, 16, 25, 16, 32, 46, 65, 55, 32, 16, 27, 16, 8, 4, 2]
      2S     1.1      74       18  [2, 4, 8, 16, 27, 18, 36, 50, 74, 62, 35, 18, 27, 16, 8, 4, 2]
      2S     1.5      76       18  [2, 4, 8, 16, 28, 18, 36, 52, 76, 63, 35, 19, 27, 16, 8, 4, 2]
      2S     1.8      77       18  [2, 4, 8, 16, 28, 18, 36, 53, 77, 64, 36, 19, 27, 16, 8, 4, 2]
      2S     2.1      80       18  [2, 4, 8, 16, 29, 18, 36, 53, 80, 64, 36, 18, 27, 16, 8, 4, 2]
      2S     2.5      79       19  [2, 4, 8, 16, 29, 19, 38, 54, 79, 65, 37, 19, 27, 16, 8, 4, 2]
      2S     2.8      80       18  [2, 4, 8, 16, 29, 18, 36, 54, 80, 64, 36, 19, 27, 16, 8, 4, 2]
      2S     3.2      80       19  [2, 4, 8, 16, 29, 19, 38, 54, 80, 65, 37, 19, 27, 16, 8, 4, 2]
      2S     3.5      78       18  [2, 4, 8, 16, 29, 18, 36, 54, 78, 64, 36, 19, 27, 16, 8, 4, 2]
      2S     3.9      78       19  [2, 4, 8, 16, 30, 19, 37, 53, 78, 64, 36, 19, 27, 16, 8, 4, 2]
      2S     4.2      79       19  [2, 4, 8, 16, 29, 19, 38, 54, 79, 65, 36, 19, 26, 16, 8, 4, 2]
      2S     4.5      78       19  [2, 4, 8, 16, 30, 19, 37, 53, 78, 64, 37, 19, 26, 16, 8, 4, 2]
      2S     4.9      78       18  [2, 4, 8, 16, 29, 18, 36, 54, 78, 63, 36, 18, 26, 16, 8, 4, 2]
      2S     5.2      77       18  [2, 4, 8, 16, 29, 18, 36, 53, 77, 64, 36, 19, 26, 16, 8, 4, 2]
      2S     5.6      77       19  [2, 4, 8, 16, 30, 19, 36, 53, 77, 64, 36, 19, 26, 16, 8, 4, 2]
      2S     5.9      78       19  [2, 4, 8, 16, 29, 19, 37, 53, 78, 64, 36, 19, 26, 16, 8, 4, 2]
      2S     6.2      77       19  [2, 4, 8, 16, 29, 19, 37, 53, 77, 63, 36, 19, 26, 16, 8, 4, 2]
      2S     6.6      76       19  [2, 4, 8, 16, 29, 19, 37, 53, 76, 63, 36, 19, 26, 16, 8, 4, 2]
      2S     6.9      77       19  [2, 4, 8, 16, 29, 19, 37, 53, 77, 63, 37, 19, 26, 16, 8, 4, 2]
      2S     7.3      78       18  [2, 4, 8, 16, 29, 18, 36, 53, 78, 63, 36, 18, 26, 16, 8, 4, 2]
      2S     7.6      77       18  [2, 4, 8, 16, 29, 18, 36, 53, 77, 62, 36, 18, 26, 16, 8, 4, 2]
      2S     8.0      77       18  [2, 4, 8, 16, 29, 18, 36, 53, 77, 62, 36, 19, 26, 16, 8, 4, 2]
      2S     8.3      77       18  [2, 4, 8, 16, 29, 18, 36, 53, 77, 62, 36, 19, 26, 16, 8, 4, 2]
      2S     8.6      76       18  [2, 4, 8, 16, 29, 18, 36, 53, 76, 62, 36, 19, 26, 16, 8, 4, 2]
      2S     9.0      77       18  [2, 4, 8, 16, 30, 18, 36, 53, 77, 63, 36, 19, 26, 16, 8, 4, 2]
      2S     9.3      77       18  [2, 4, 8, 16, 30, 18, 36, 53, 77, 63, 36, 19, 26, 16, 8, 4, 2]
      2S     9.7      77       18  [2, 4, 8, 16, 29, 18, 36, 53, 77, 63, 36, 19, 26, 16, 8, 4, 2]
      2S    10.0      76       19  [2, 4, 8, 16, 29, 19, 36, 53, 76, 62, 35, 19, 26, 16, 8, 4, 2]
	  
	  
The autoreload extension is already loaded. To reload it, use:
  %reload_ext autoreload
Bond dimension sensitivity to a  (n_per_coord = 5, 15 qubits, 32³ grid)

 Orbital       a   max χ   χ(x|y)  full bond profile
───────────────────────────────────────────────────────────────────────────
      1S     0.1       5        3  [2, 2, 2, 3, 3, 5, 5, 5, 5, 3, 5, 5, 4, 2]
      1S     0.4      27        9  [2, 4, 6, 11, 9, 17, 22, 27, 17, 9, 16, 8, 4, 2]
      1S     0.8      40       12  [2, 4, 8, 16, 12, 24, 35, 40, 23, 12, 16, 8, 4, 2]
      1S     1.1      45       13  [2, 4, 8, 16, 13, 26, 41, 45, 26, 14, 16, 8, 4, 2]
      1S     1.5      48       14  [2, 4, 8, 16, 14, 28, 44, 48, 28, 14, 16, 8, 4, 2]
      1S     1.8      50       15  [2, 4, 8, 16, 15, 29, 45, 50, 28, 15, 16, 8, 4, 2]
      1S     2.1      50       15  [2, 4, 8, 16, 15, 29, 45, 50, 29, 15, 16, 8, 4, 2]
      1S     2.5      51       15  [2, 4, 8, 16, 15, 29, 45, 51, 29, 15, 16, 8, 4, 2]
      1S     2.8      51       15  [2, 4, 8, 16, 15, 30, 46, 51, 29, 15, 16, 8, 4, 2]
      1S     3.2      51       15  [2, 4, 8, 16, 15, 30, 46, 51, 29, 15, 16, 8, 4, 2]
      1S     3.5      51       15  [2, 4, 8, 16, 15, 30, 46, 51, 29, 15, 16, 8, 4, 2]
      1S     3.9      51       15  [2, 4, 8, 16, 15, 30, 46, 51, 29, 15, 16, 8, 4, 2]
      1S     4.2      51       15  [2, 4, 8, 16, 15, 30, 46, 51, 29, 15, 16, 8, 4, 2]
      1S     4.5      51       15  [2, 4, 8, 16, 15, 30, 45, 51, 29, 15, 16, 8, 4, 2]
      1S     4.9      51       15  [2, 4, 8, 16, 15, 30, 45, 51, 29, 15, 16, 8, 4, 2]
      1S     5.2      50       15  [2, 4, 8, 16, 15, 29, 45, 50, 29, 15, 16, 8, 4, 2]
      1S     5.6      50       15  [2, 4, 8, 16, 15, 29, 45, 50, 29, 15, 16, 8, 4, 2]
      1S     5.9      50       15  [2, 4, 8, 16, 15, 29, 45, 50, 29, 15, 16, 8, 4, 2]
      1S     6.2      50       15  [2, 4, 8, 16, 15, 29, 45, 50, 29, 15, 16, 8, 4, 2]
      1S     6.6      50       15  [2, 4, 8, 16, 15, 29, 45, 50, 29, 15, 16, 8, 4, 2]
      1S     6.9      50       15  [2, 4, 8, 16, 15, 29, 45, 50, 29, 15, 16, 8, 4, 2]
      1S     7.3      50       15  [2, 4, 8, 16, 15, 29, 45, 50, 29, 15, 16, 8, 4, 2]
      1S     7.6      50       15  [2, 4, 8, 16, 15, 29, 45, 50, 29, 15, 16, 8, 4, 2]
      1S     8.0      49       15  [2, 4, 8, 16, 15, 29, 45, 49, 29, 15, 16, 8, 4, 2]
      1S     8.3      49       15  [2, 4, 8, 16, 15, 29, 45, 49, 29, 15, 16, 8, 4, 2]
      1S     8.6      49       15  [2, 4, 8, 16, 15, 29, 44, 49, 29, 15, 16, 8, 4, 2]
      1S     9.0      49       15  [2, 4, 8, 16, 15, 29, 44, 49, 28, 15, 16, 8, 4, 2]
      1S     9.3      49       15  [2, 4, 8, 16, 15, 29, 44, 49, 28, 15, 16, 8, 4, 2]
      1S     9.7      49       15  [2, 4, 8, 16, 15, 29, 44, 49, 28, 15, 16, 8, 4, 2]
      1S    10.0      49       15  [2, 4, 8, 16, 15, 29, 44, 49, 28, 15, 16, 8, 4, 2]

      2S     0.1      14        5  [2, 2, 4, 6, 5, 10, 10, 14, 10, 5, 10, 8, 4, 2]
      2S     0.4      45       13  [2, 4, 8, 16, 13, 26, 40, 45, 26, 13, 16, 8, 4, 2]
      2S     0.8      50       15  [2, 4, 8, 16, 15, 29, 45, 50, 29, 15, 16, 8, 4, 2]
      2S     1.1      52       15  [2, 4, 8, 16, 15, 30, 47, 52, 30, 15, 16, 8, 4, 2]
      2S     1.5      52       15  [2, 4, 8, 16, 15, 30, 47, 52, 30, 15, 16, 8, 4, 2]
      2S     1.8      52       15  [2, 4, 8, 16, 15, 30, 48, 52, 30, 15, 16, 8, 4, 2]
      2S     2.1      51       15  [2, 4, 8, 16, 15, 29, 46, 51, 29, 15, 16, 8, 4, 2]
      2S     2.5      52       15  [2, 4, 8, 16, 15, 30, 47, 52, 30, 15, 16, 8, 4, 2]
      2S     2.8      52       15  [2, 4, 8, 16, 15, 30, 47, 52, 30, 15, 16, 8, 4, 2]
      2S     3.2      51       15  [2, 4, 8, 16, 15, 30, 46, 51, 29, 15, 16, 8, 4, 2]
      2S     3.5      51       15  [2, 4, 8, 16, 15, 30, 46, 51, 29, 15, 16, 8, 4, 2]
      2S     3.9      51       15  [2, 4, 8, 16, 15, 30, 46, 51, 30, 15, 16, 8, 4, 2]
      2S     4.2      52       15  [2, 4, 8, 16, 15, 30, 47, 52, 30, 15, 16, 8, 4, 2]
      2S     4.5      52       15  [2, 4, 8, 16, 15, 30, 47, 52, 30, 15, 16, 8, 4, 2]
      2S     4.9      52       15  [2, 4, 8, 16, 15, 30, 46, 52, 30, 15, 16, 8, 4, 2]
      2S     5.2      51       15  [2, 4, 8, 16, 15, 29, 46, 51, 29, 15, 16, 8, 4, 2]
      2S     5.6      51       15  [2, 4, 8, 16, 15, 30, 46, 51, 29, 15, 16, 8, 4, 2]
      2S     5.9      51       15  [2, 4, 8, 16, 15, 30, 45, 51, 29, 15, 16, 8, 4, 2]
      2S     6.2      51       15  [2, 4, 8, 16, 15, 30, 46, 51, 29, 15, 16, 8, 4, 2]
      2S     6.6      50       15  [2, 4, 8, 16, 15, 30, 45, 50, 29, 15, 16, 8, 4, 2]
      2S     6.9      51       15  [2, 4, 8, 16, 15, 30, 46, 51, 29, 15, 16, 8, 4, 2]
      2S     7.3      51       15  [2, 4, 8, 16, 15, 30, 46, 51, 29, 15, 16, 8, 4, 2]
      2S     7.6      51       15  [2, 4, 8, 16, 15, 30, 46, 51, 29, 15, 16, 8, 4, 2]
      2S     8.0      50       15  [2, 4, 8, 16, 15, 30, 46, 50, 29, 15, 16, 8, 4, 2]
      2S     8.3      50       15  [2, 4, 8, 16, 15, 30, 45, 50, 29, 15, 16, 8, 4, 2]
      2S     8.6      50       15  [2, 4, 8, 16, 15, 30, 45, 50, 29, 15, 16, 8, 4, 2]
      2S     9.0      50       15  [2, 4, 8, 16, 15, 29, 45, 50, 29, 15, 16, 8, 4, 2]
      2S     9.3      50       15  [2, 4, 8, 16, 15, 29, 45, 50, 29, 15, 16, 8, 4, 2]
      2S     9.7      50       15  [2, 4, 8, 16, 15, 29, 45, 50, 29, 15, 16, 8, 4, 2]
      2S    10.0      50       15  [2, 4, 8, 16, 15, 29, 45, 50, 29, 15, 16, 8, 4, 2]
	  
	  
The autoreload extension is already loaded. To reload it, use:
  %reload_ext autoreload
Bond dimension sensitivity to a  (n_per_coord = 7, 21 qubits, 128³ grid)

 Orbital       a   max χ   χ(x|y)  full bond profile
───────────────────────────────────────────────────────────────────────────
      1S     0.1       5        3  [2, 2, 2, 2, 2, 3, 3, 5, 5, 5, 5, 5, 5, 3, 5, 5, 5, 5, 4, 2]
      1S     0.8      38       12  [2, 2, 4, 6, 10, 16, 12, 23, 23, 27, 37, 38, 23, 12, 23, 23, 16, 8, 4, 2]
      1S     1.4      57       15  [2, 4, 6, 10, 16, 22, 15, 30, 34, 43, 57, 52, 30, 15, 29, 27, 16, 8, 4, 2]
      1S     2.1      69       17  [2, 4, 8, 12, 19, 26, 17, 34, 42, 56, 69, 59, 33, 17, 33, 27, 16, 8, 4, 2]
      1S     2.7      78       18  [2, 4, 8, 15, 22, 29, 18, 36, 47, 63, 78, 64, 37, 19, 34, 27, 16, 8, 4, 2]
      1S     3.4      84       20  [2, 4, 8, 16, 24, 31, 20, 39, 52, 71, 84, 68, 39, 20, 34, 27, 16, 8, 4, 2]
      1S     4.0      87       20  [2, 4, 8, 16, 26, 33, 20, 40, 54, 76, 87, 69, 39, 21, 35, 27, 16, 8, 4, 2]
      1S     4.7      91       21  [2, 4, 8, 16, 26, 34, 21, 41, 57, 79, 91, 72, 41, 21, 34, 27, 16, 8, 4, 2]
      1S     5.3      92       21  [2, 4, 8, 16, 27, 34, 21, 42, 57, 82, 92, 72, 41, 21, 34, 27, 16, 8, 4, 2]
      1S     6.0      93       21  [2, 4, 8, 16, 28, 35, 21, 42, 59, 83, 93, 73, 41, 22, 34, 26, 16, 8, 4, 2]

      2S     0.1      14        5  [2, 2, 2, 2, 4, 6, 5, 10, 10, 10, 10, 14, 10, 5, 10, 10, 10, 8, 4, 2]
      2S     0.8      65       16  [2, 4, 6, 11, 18, 25, 16, 32, 38, 49, 65, 55, 32, 16, 31, 27, 16, 8, 4, 2]
      2S     1.4      85       19  [2, 4, 8, 16, 24, 31, 19, 38, 51, 71, 85, 68, 39, 20, 34, 28, 16, 8, 4, 2]
      2S     2.1      93       21  [2, 4, 8, 16, 28, 34, 21, 42, 57, 80, 93, 72, 41, 21, 35, 27, 16, 8, 4, 2]
      2S     2.7      95       21  [2, 4, 8, 16, 29, 36, 21, 42, 59, 85, 95, 75, 42, 22, 34, 27, 16, 8, 4, 2]
      2S     3.4      96       21  [2, 4, 8, 16, 30, 36, 21, 42, 59, 85, 96, 75, 43, 22, 34, 27, 16, 8, 4, 2]
      2S     4.0      98       22  [2, 4, 8, 16, 30, 37, 22, 43, 60, 87, 98, 74, 43, 23, 35, 27, 16, 8, 4, 2]
      2S     4.7      98       22  [2, 4, 8, 16, 30, 36, 22, 44, 61, 87, 98, 77, 43, 22, 34, 26, 16, 8, 4, 2]
      2S     5.3      97       22  [2, 4, 8, 16, 30, 37, 22, 43, 59, 87, 97, 76, 43, 23, 34, 26, 16, 8, 4, 2]
      2S     6.0      98       22  [2, 4, 8, 16, 30, 36, 22, 44, 61, 88, 98, 77, 43, 22, 34, 26, 16, 8, 4, 2]

The autoreload extension is already loaded. To reload it, use:
  %reload_ext autoreload
Bond dimension sensitivity to a  (n_per_coord = 4, 12 qubits, 16³ grid)

 Orbital       a   max χ   χ(x|y)  full bond profile
───────────────────────────────────────────────────────────────────────────
      1S     0.1       5        3  [2, 2, 3, 3, 5, 5, 5, 3, 5, 4, 2]
      1S     0.3      20        7  [2, 4, 8, 7, 14, 20, 13, 7, 8, 4, 2]
      1S     0.5      29        9  [2, 4, 8, 9, 18, 29, 18, 9, 8, 4, 2]
      1S     0.7      33        9  [2, 4, 8, 9, 18, 33, 18, 9, 8, 4, 2]
      1S     0.9      34        9  [2, 4, 8, 9, 18, 34, 18, 9, 8, 4, 2]
      1S     1.1      35        9  [2, 4, 8, 9, 18, 35, 18, 9, 8, 4, 2]
      1S     1.3      35        9  [2, 4, 8, 9, 18, 35, 18, 9, 8, 4, 2]
      1S     1.5      35        9  [2, 4, 8, 9, 18, 35, 18, 9, 8, 4, 2]
      1S     1.7      35        9  [2, 4, 8, 9, 18, 35, 18, 9, 8, 4, 2]
      1S     1.9      35        9  [2, 4, 8, 9, 18, 35, 18, 9, 8, 4, 2]
      1S     2.1      35        9  [2, 4, 8, 9, 18, 35, 18, 9, 8, 4, 2]
      1S     2.3      35        9  [2, 4, 8, 9, 18, 35, 18, 9, 8, 4, 2]
      1S     2.5      35        9  [2, 4, 8, 9, 18, 35, 18, 9, 8, 4, 2]
      1S     2.7      35        9  [2, 4, 8, 9, 18, 35, 18, 9, 8, 4, 2]
      1S     2.9      35        9  [2, 4, 8, 9, 18, 35, 18, 9, 8, 4, 2]
      1S     3.2      35        9  [2, 4, 8, 9, 18, 35, 18, 9, 8, 4, 2]
      1S     3.4      35        9  [2, 4, 8, 9, 18, 35, 18, 9, 8, 4, 2]
      1S     3.6      34        9  [2, 4, 8, 9, 18, 34, 18, 9, 8, 4, 2]
      1S     3.8      34        9  [2, 4, 8, 9, 18, 34, 18, 9, 8, 4, 2]
      1S     4.0      34        9  [2, 4, 8, 9, 18, 34, 18, 9, 8, 4, 2]
      1S     4.2      34        9  [2, 4, 8, 9, 18, 34, 18, 9, 8, 4, 2]
      1S     4.4      34        9  [2, 4, 8, 9, 18, 34, 18, 9, 8, 4, 2]
      1S     4.6      34        9  [2, 4, 8, 9, 18, 34, 18, 9, 8, 4, 2]
      1S     4.8      34        9  [2, 4, 8, 9, 18, 34, 18, 9, 8, 4, 2]
      1S     5.0      34        9  [2, 4, 8, 9, 18, 34, 18, 9, 8, 4, 2]
      1S     5.2      34        9  [2, 4, 8, 9, 18, 34, 18, 9, 8, 4, 2]
      1S     5.4      34        9  [2, 4, 8, 9, 18, 34, 18, 9, 8, 4, 2]
      1S     5.6      34        9  [2, 4, 8, 9, 18, 34, 18, 9, 8, 4, 2]
      1S     5.8      34        9  [2, 4, 8, 9, 18, 34, 18, 9, 8, 4, 2]
      1S     6.0      34        9  [2, 4, 8, 9, 18, 34, 18, 9, 8, 4, 2]

      2S     0.1      14        5  [2, 4, 6, 5, 10, 14, 10, 6, 8, 4, 2]
      2S     0.3      33        9  [2, 4, 8, 9, 18, 33, 18, 9, 8, 4, 2]
      2S     0.5      34        9  [2, 4, 8, 9, 18, 34, 18, 9, 8, 4, 2]
      2S     0.7      35        9  [2, 4, 8, 9, 18, 35, 18, 9, 8, 4, 2]
      2S     0.9      35        9  [2, 4, 8, 9, 18, 35, 18, 9, 8, 4, 2]
      2S     1.1      35        9  [2, 4, 8, 9, 18, 35, 18, 9, 8, 4, 2]
      2S     1.3      35        9  [2, 4, 8, 9, 18, 35, 18, 9, 8, 4, 2]
      2S     1.5      35        9  [2, 4, 8, 9, 18, 35, 18, 9, 8, 4, 2]
      2S     1.7      35        9  [2, 4, 8, 9, 18, 35, 18, 9, 8, 4, 2]
      2S     1.9      35        9  [2, 4, 8, 9, 18, 35, 18, 9, 8, 4, 2]
      2S     2.1      35        9  [2, 4, 8, 9, 18, 35, 18, 9, 8, 4, 2]
      2S     2.3      34        9  [2, 4, 8, 9, 18, 34, 18, 9, 8, 4, 2]
      2S     2.5      35        9  [2, 4, 8, 9, 18, 35, 18, 9, 8, 4, 2]
      2S     2.7      35        9  [2, 4, 8, 9, 18, 35, 18, 9, 8, 4, 2]
      2S     2.9      35        9  [2, 4, 8, 9, 18, 35, 18, 9, 8, 4, 2]
      2S     3.2      35        9  [2, 4, 8, 9, 18, 35, 18, 9, 8, 4, 2]
      2S     3.4      35        9  [2, 4, 8, 9, 18, 35, 18, 9, 8, 4, 2]
      2S     3.6      35        9  [2, 4, 8, 9, 18, 35, 18, 9, 8, 4, 2]
      2S     3.8      35        9  [2, 4, 8, 9, 18, 35, 18, 9, 8, 4, 2]
      2S     4.0      35        9  [2, 4, 8, 9, 18, 35, 18, 9, 8, 4, 2]
      2S     4.2      35        9  [2, 4, 8, 9, 18, 35, 18, 9, 8, 4, 2]
      2S     4.4      34        9  [2, 4, 8, 9, 18, 34, 18, 9, 8, 4, 2]
      2S     4.6      34        9  [2, 4, 8, 9, 18, 34, 18, 9, 8, 4, 2]
      2S     4.8      34        9  [2, 4, 8, 9, 18, 34, 18, 9, 8, 4, 2]
      2S     5.0      34        9  [2, 4, 8, 9, 18, 34, 18, 9, 8, 4, 2]
      2S     5.2      34        9  [2, 4, 8, 9, 18, 34, 18, 9, 8, 4, 2]
      2S     5.4      34        9  [2, 4, 8, 9, 18, 34, 18, 9, 8, 4, 2]
      2S     5.6      34        9  [2, 4, 8, 9, 18, 34, 18, 9, 8, 4, 2]
      2S     5.8      34        9  [2, 4, 8, 9, 18, 34, 18, 9, 8, 4, 2]
      2S     6.0      34        9  [2, 4, 8, 9, 18, 34, 18, 9, 8, 4, 2]